0.7864723630471261
0.7822923071947382
0.7781293493277095
0.773983964464866
0.7698566071988945
0.7657477120189442
0.7616576936433432
0.7575869473615904
0.7535358493847876
0.749504757203688
0.7454940099535499
0.7415039287850049
0.7375348172401602
0.7335869616331774
0.7296606314345914
0.7257560796586541
0.7218735432530067
0.7180132434900179
0.7141753863591414
0.7103601629596747
0.7065677498933318
0.7027983096560627
0.6990519910285846
0.6953289294651154
0.6916292474798256
0.6879530550305575
0.6843004498993825
0.6806715180695946
0.677066334098771
0.6734849614875491
0.6699274530437982
0.6663938512418928
0.6628841885768136
0.6593984879128283
0.6559367628265291
0.6524990179440259
0.6490852492721119
0.6456954445232461
0.6423295834342126
0.6389876380783339
0.6356695731711449
0.6323753463694322
0.629104908563586
0.6258582041631995
0.6226351713758915
0.6194357424793223
0.6162598440863998
0.6131073974036783
0.609978318482963
0.6068725184661548
0.6037899038233632
0.6007303765843433
0.5976938345633036
0.594680171577158
0.591689280051081
0.5887210416633603
0.5857753418632113
0.5828520605322615
0.5799510745503892
0.5770722579763173
0.5742154822222666
0.5713806162227754
0.5685675265977954
0.5657760778101762
0.5630061323176506
0.5602575507194436
0.5575301918976131
0.554823913153253
0.5521385703376684
0.5494740179786483
0.5468301094019573
0.5442066968481628
0.5416036315849219
0.5390207640148438
0.5364579437790535
0.5339150198565654
0.5313918406595923
0.5288882541249033
0.5264041078013421
0.5239392489336242
0.5214935245425203
0.5190667815015385
0.5166588666102104
0.5142696266640937
0.511898908521587
0.5095465591676672
0.5072124257746452
0.5048963557600394
0.5025981968416653
0.500317797090032
0.49805500497814087
0.4958096694287726
0.49358163985935594
0.4913707662244966
0.489176899056257
0.48699988950226136
0.48483958936171023
0.48269585111938007
0.4805685279776801
0.4784574738868444
0.4763625435733233
0.47428359256644975
0.4722204772234423
0.47017305475281024
0.46814118323622644
0.46612472164892405
0.46412352987868
0.46213746874344114
0.4601664000076457
0.4582101863972987
0.4562686916138475
0.4543417803469117
0.45242931828591354
0.45053117213065524
0.4486472096008915
0.44677729944493694
0.44492131144735225
0.44307911643575076
0.4412505862867631
0.4394355939311978
0.43763401335843544
0.43584571962009183
0.4340705888329815
0.43230849818141703
0.43055932591887436
0.42882295136905485
0.427099254926373
0.4253881180558978
0.4236894232927754
0.42200305424115786
0.42032889557266523
0.4186668330244013
0.4170167533965514
0.4153785445495788
0.41375209540104524
0.4121372959220737
0.41053403713347425
0.4089422111015531
0.40736171093361817
0.4057924307732055
0.40423426579503663
0.40268711219972775
0.4011508672082642
0.39962542905625364
0.3981106969879737
0.39660657125022813
0.39511295308602257
0.39362974472807427
0.3921568493921643
0.3906941712703483
0.38924161552403375
0.38779908827693216
0.3863664966079024
0.384943748543687
0.3835307530515564
0.3821274200318671
0.38073366031054173
0.37934938563148113
0.37797450864891213
0.37660894291968305
0.375252602895509
0.37390540391517807
0.37256726219671954
0.37123809482954423
0.3699178197665618
0.36860635581627693
0.3673036226348758
0.3660095407183008
0.3647240313943225
0.36344701681461267
0.3621784199468214
0.36091816456666104
0.359666175250005
0.35842237736500027
0.3571866970641997
0.3559590612767153
0.3547393977003984
0.3535276347940453
0.3523237017696364
0.3511275285846047
0.34993904593414293
0.34875818524354524
0.34758487866059107
0.34641905904796894
0.34526065997574323
0.3441096157138672
0.34296586122474176
0.34182933215582234
0.34069996483227527
0.339577696249685
0.33846246406681274
0.3373542065984081
0.33625286280807504
0.335158372301193
0.3340706753178921
0.332989712726087
0.331915426014566
0.3308477572861397
0.32978664925084566
0.3287320452192152
0.32768388909559626
0.3266421253715381
0.32560669911923507
0.3245775559850308
0.32355464218298424
0.32253790448849323
0.32152729023198345
0.3205227472926539
0.3195242240922877
0.3185316695891199
0.31754503327176964
0.3165642651532315
0.31558931576492943
0.3146201361508295
0.31365667786161516
0.31269889294892245
0.3117467339596365
0.3108001539302463
0.3098591063812617
0.30892354531168875
0.3079934251935658
0.30706870096655725
0.30614932803260775
0.3052352622506538
0.3043264599313949
0.3034228778321216
0.3025244731516011
0.30163120352502104
0.3007430270189895
0.2998599021265908
0.2989817877624987
0.298108643258144
0.2972404283569378
0.29637710320955013
0.2955186283692411
0.2946649647872482
0.29381607380822516
0.2929719171657351
0.2921324569777952
0.2912976557424736
0.2904674763335387
0.2896418819961586
0.28882083772470185
0.2880043047360549
0.2871922487406279
0.28638463442719064
0.2855814268351606
0.2847825913506
0.2839880937022596
0.28319789995766953
0.28241197651927763
0.2816302901206337
0.28085280782261973
0.28007949700972457
0.2793103253863652
0.2785452609732499
0.2777842721037879
0.27702732742053987
0.276274395871714
0.2755254467077014
0.27478044947765673
0.2740393740261173
0.2733021904896658
0.27256886929363117
0.27183938114883194
0.27111369704835686
0.2703917882643868
0.26967362634505354
0.2689591831113385
0.2682484306540075
0.26754134133058477
0.26683788776236234
0.26613804283144676
0.2654417796778416
0.26474907169656564
0.26405989253480583
0.2633742160891063
0.26269201650259005
0.2620132681622153
0.26133794569606633
0.2606660239706753
0.2599974780883791
0.259332283384706
0.2586704154257979
0.2580118500058592
0.2573565631446408
0.2567045310849536
0.2560557302902115
0.25541013744200564
0.2547677294377072
0.2541284833880999
0.25349237661504265
0.25285938664915714
0.25222949122754806
0.25160266829154787
0.25097889598449
0.25035815264951
0.24974041682737216
0.249125667254323
0.24851388285997125
0.24790504276519332
0.24729912628006323
0.24669611290181048
0.24609598231279872
0.2454987143785321
0.24490428914568452
0.24431268684015262
0.24372388786513288
0.24313787279922125
0.24255462239453598
0.2419741175748642
0.241396339433829
0.24082126923307912
0.24024888840050226
0.23967917852845744
0.23911212137202936
0.23854769884730476
0.23798589302966852
0.23742668615211981
0.2368700606036095
0.23631599892739696
0.23576448381942616
0.23521549812672216
0.23466902484580518
0.23412504712112536
0.23358354824351496
0.23304451164865952
0.2325079209155869
0.23197375976517423
0.23144201205867365
0.23091266179625358
0.23038569311555923
0.2298610902902885
0.22933883772878635
0.2288189199726543
0.22830132169537729
0.22778602770096607
0.22727302292261636
0.22676229242138302
0.2262538213848703
0.22574759512593687
0.22524359908141714
0.2247418188108562
0.22424223999526036
0.2237448484358626
0.2232496300529011
0.2227565708844139
0.22226565708504564
0.22177687492487
0.2212902107882241
0.2208056511725579
0.22032318268729562
0.21984279205271232
0.21936446609882054
0.2188881917642725
0.21841395609527378
0.21794174624450935
0.2174715494700825
0.2170033531344657
0.21653714470346302
0.21607291174518617
0.2156106419290394
0.21515032302471943
0.2146919429012234
0.2142354895258709
0.21378095096333571
0.21332831537468877
0.2128775710164521
0.2124287062396638
0.21198170948895279
0.21153656930162545
0.2110932743067606
0.21065181322431728
0.21021217486424934
0.20977434812563378
0.20933832199580527
0.208904085549503
0.20847162794802576
0.20804093843839722
0.20761200635254015
0.2071848211064593
0.20675937219943516
0.20633564921322467
0.2059136418112725
0.20549333973792963
0.20507473281768177
0.20465781095438595
0.20424256413051534
0.20382898240641262
0.20341705591955195
0.20300677488380778
0.202598129588734
0.20219111039884852
0.20178570775292748
0.20138191216330614
0.20097971421518862
0.20057910456596365
0.20018007394452894
0.19978261315062257
0.1993867130541621
0.19899236459458958
0.1985995587802251
0.19820828668762688
0.19781853946095812
0.19743030831136063
0.1970435845163356
0.1966583594191309
0.1962746244281349
0.19589237101627666
0.19551159072043314
0.1951322751408421
0.1947544159405221
0.19437800484469722
0.1940030336402302
0.1936294941750591
0.1932573783576425
0.1928866781564082
0.19251738559920964
0.19214949277278667
0.1917829918222338
0.1914178749504718
0.19105413441772715
0.190691762541015
0.19033075169362942
0.1899710943046372
0.18961278285837885
0.18925580989397292
0.18890016800482723
0.18854584983815403
0.18819284809449088
0.1878411555272262
0.18749076494212968
0.1871416691968884
0.1867938612006464
0.18644733391355045
0.18610208034629913
0.18575809355969836
0.1854153666642193
0.18507389281956255
0.1847336652342266
0.18439467716508015
0.18405692191693857
0.18372039284214614
0.1833850833401608
0.18305098685714466
0.182718096885558
0.18238640696375671
0.18205591067559557
0.1817266016500341
0.18139847356074681
0.18107152012573785
0.18074573510695868
0.18042111230993085
0.18009764558337138
0.17977532881882252
0.17945415595028535
0.17913412095385656
0.17881521784736965
0.17849744069003873
0.17818078358210698
0.1778652406644975
0.17755080611846885
0.17723747416527308
0.17692523906581759
0.17661409512033
0.1763040366680273
0.17599505808678698
0.17568715379282213
0.17538031824035993
0.175074545921323
0.1747698313650139
0.17446616913780266
0.17416355384281776
0.17386198011963996
0.17356144264399884
0.17326193612747265
0.17296345531719104
0.17266599499554072
0.17236954997987408
0.17207411512222004
0.17177968530899876
0.1714862554607378
0.1711938205317931
0.17090237551006981
0.1706119154167483
0.17032243530601154
0.17003393026477598
0.16974639541242353
0.16945982590053818
0.16917421691264312
0.168889563663942
0.16860586140106165
0.16832310540179773
0.1680412909748625
0.16776041345963566
0.16748046822591642
0.1672014506736793
0.16692335623283094
0.1666461803629704
0.16636991855315064
0.16609456632164316
0.1658201192157043
0.16554657281134402
0.16527392271309682
0.16500216455379468
0.1647312939943422
0.16446130672349385
0.16419219845763378
0.16392396494055672
0.1636566019432515
0.16339010526368677
0.16312447072659864
0.16285969418327978
0.16259577151137083
0.16233269861465435
0.16207047142284955
0.1618090858914096
0.16154853800132077
0.16128882375890333
0.16102993919561445
0.16077188036785248
0.16051464335676335
0.16025822426804903
0.16000261923177717
0.15974782440219282
0.15949383595753172
0.15924065009983546
0.15898826305476838
0.15873667107143574
0.15848587042220388
0.15823585740252222
0.15798662833074595
0.15773817954796177
0.15749050741781376
0.15724360832633202
0.1569974786817617
0.15675211491439467
0.15650751347640204
0.15626367084166837
0.15602058350562725
0.15577824798509876
0.15553666081812778
0.15529581856382424
0.1550557178022044
0.15481635513403405
0.15457772718067259
0.15433983058391865
0.15410266200585754
0.15386621812870938
0.15363049565467857
0.15339549130580546
0.1531612018238184
0.15292762396998755
0.15269475452497971
0.1524625902887149
0.15223112808022357
0.15200036473750542
0.15177029711738982
0.15154092209539638
0.15131223656559803
0.1510842374404842
0.1508569216508261
0.15063028614554222
0.1504043278915661
0.1501790438737141
0.14995443109455533
0.1497304865742821
0.14950720735058146
0.14928459047850823
0.14906263303035908
0.14884133209554723
0.1486206847804786
0.14840068820842917
0.1481813395194231
0.1479626358701119
0.1477445744336548
0.14752715239959985
0.1473103669737667
0.14709421537812953
0.14687869485070157
0.14666380264542
0.146449536032033
0.14623589229598638
0.1460228687383118
0.1458104626755162
0.1455986714394716
0.1453874923773065
0.1451769228512972
0.14496696023876118
0.14475760193195053
0.14454884533794665
0.144340687878556
0.14413312699020592
0.1439261601238422
0.1437197847448277
0.14351399833284023
0.14330879838177327
0.14310418239963596
0.14290014790845518
0.1426966924441772
0.14249381355657126
0.1422915088091331
0.14208977577898974
0.1418886120568053
0.14168801524668642
0.14148798296609025
0.1412885128457315
0.14108960252949135
0.1408912496743265
0.14069345195017957
0.14049620703988935
0.14029951263910279
0.14010336645618682
0.13990776621214154
0.13971270964051377
0.1395181944873114
0.13932421851091845
0.13913077948201064
0.1389378751834721
0.1387455034103123
0.13855366196958344
0.13836234868029987
0.1381715613733557
0.13798129789144606
0.1377915560889863
0.13760233383203366
0.1374136289982086
0.13722543947661714
0.13703776316777388
0.13685059798352542
0.13666394184697436
0.13647779269240418
0.13629214846520463
0.13610700712179732
0.1359223666295625
0.13573822496676605
0.13555458012248733
0.13537143009654712
0.1351887728994364
0.13500660655224614
0.13482492908659674
0.13464373854456888
0.13446303297863405
0.13428281045158671
0.13410306903647604
0.1339238068165386
0.13374502188513124
0.1335667123456654
0.13338887631154073
0.13321151190608008
0.13303461726246457
0.13285819052366937
0.13268222984239997
0.1325067333810288
0.13233169931153246
0.13215712581542935
0.13198301108371796
0.13180935331681554
0.13163615072449694
0.13146340152583444
0.1312911039491378
0.13111925623189472
0.1309478566207116
0.13077690337125547
0.13060639474819527
0.1304363290251446
0.13026670448460415
0.1300975194179052
0.12992877212515294
0.12976046091517082
0.12959258410544466
0.12942514002206787
0.1292581269996866
0.1290915433814456
0.1289253875189341
0.12875965777213264
0.1285943525093598
0.12842947010721958
0.12826500895054946
0.12810096743236796
0.12793734395382372
0.1277741369241439
0.12761134476058403
0.12744896588837715
0.12728699874068428
0.1271254417585444
0.12696429339082574
0.12680355209417657
0.12664321633297687
0.1264832845792901
0.12632375531281564
0.1261646270208411
0.12600589819819552
0.12584756734720245
0.12568963297763378
0.1255320936066636
0.12537494775882238
0.12521819396595193
0.12506183076716015
0.12490585670877644
0.12475027034430725
0.12459507023439216
0.12444025494676009
0.12428582305618592
0.12413177314444748
0.1239781038002827
0.123824813619347
0.12367190120417182
0.12351936516412176
0.12336720411535394
0.12321541668077617
0.12306400149000651
0.12291295717933218
0.12276228239166953
0.12261197577652377
0.12246203598994941
0.12231246169451067
0.12216325155924218
0.12201440425961026
0.12186591847747429
0.12171779290104814
0.12157002622486227
0.12142261714972576
0.12127556438268908
0.12112886663700642
0.12098252263209891
0.12083653109351787
0.12069089075290827
0.12054560034797256
0.12040065862243454
0.12025606432600394
0.12011181621434064
0.11996791304901976
0.1198243535974964
0.11968113663307114
0.11953826093485563
0.119395725287738
0.11925352848234923
0.11911166931502917
0.11897014658779337
0.11882895910829941
0.11868810568981399
0.11854758515118012
0.11840739631678464
0.11826753801652577
0.11812800908578086
0.11798880836537473
0.11784993470154781
0.1177113869459247
0.1175731639554829
0.11743526459252195
0.11729768772463225
0.11716043222466488
0.11702349697070098
0.11688688084602146
0.11675058273907712
0.1166146015434592
0.11647893615786929
0.11634358548609021
0.11620854843695688
0.11607382392432733
0.11593941086705394
0.11580530818895476
0.1156715148187853
0.11553802969021035
0.11540485174177571
0.11527197991688093
0.11513941316375105
0.11500715043540975
0.11487519068965175
0.1147435328890159
0.1146121760007584
0.11448111899682584
0.11435036085382906
0.11421990055301655
0.11408973708024824
0.11395986942596992
0.11383029658518705
0.11370101755743933
0.11357203134677514
0.11344333696172633
0.11331493341528305
0.11318681972486902
0.11305899491231633
0.11293145800384126
0.11280420803001952
0.11267724402576212
0.11255056503029125
0.11242417008711621
0.11229805824400968
0.1121722285529842
0.11204668007026822
0.1119214118562834
0.11179642297562101
0.11167171249701889
0.11154727949333887
0.11142312304154374
0.11129924222267473
0.11117563612182933
0.11105230382813872